500
48267
8374
61804
56647
1413
23414
61091
90522
86958
72536
6546
58542
30015
29534
47600
51193
80295
5199
12224
71262
18029
30489
34666
50883
70534
68909
11373
18120
65317
43265
18868
10809
66428
25779
31447
5230
93490
66398
14653
93606
9680
82305
11309
22928
75042
81146
36323
52197
53031
42907
96154
23299
71539
61763
20528
67295
86023
14902
17902
99180
22509
63759
8148
91413
92568
2002
10289
43409
1158
66317
79730
5893
48129
96400
24703
60457
40661
15640
55820
83728
73567
13633
24694
30443
23131
56676
40103
58667
46193
2409
20715
97172
10234
73155
20172
13607
42946
88534
1280
45894
88382
45709
17638
72973
88004
47085
57868
20883
60148
17620
1406
10331
45576
33510
41094
19459
48158
44448
99471
58128
9657
24178
78337
83621
28823
69681
84305
97360
36493
85382
24419
65120
12075
25272
1393
3582
67813
69150
43500
17812
69557
79591
99978
29710
43750
2714
9811
23977
34742
79922
19924
49
58838
38495
4205
82604
93247
61752
87207
28567
20758
82966
14713
72895
87805
61817
17339
93305
54678
1361
2036
80714
4148
33099
51867
55969
28112
73189
85762
94028
77324
24486
62819
6927
78983
23574
49376
85194
59886
47187
99218
53582
25591
35945
46574
79293
90532
89346
94561
58265
47196
78247
39177
88971
9644
86182
2487
1847
98291
25742
82920
85009
8123
91414
94462
28553
70335
17687
49922
96971
9588
45838
99755
71198
94827
53594
43603
78656
79190
2291
7467
40143
95139
27629
15502
77103
84967
53598
4976
31755
65144
36189
74885
34244
73041
31197
97779
47053
63813
51839
67233
34901
13524
99680
47381
6109
59648
44637
77964
61607
5401
48176
92727
35888
79801
47760
27370
65947
36930
30178
48589
86952
19935
62821
26348
76945
34460
34364
55292
94715
16063
10734
11418
73411
26548
65178
96962
54222
76307
77194
68148
21870
85601
89561
23198
60187
96131
14979
64920
37088
29403
65543
43856
37846
52104
95319
78093
22110
54756
91973
95874
90154
51722
30717
31680
29605
23838
20016
71741
95388
72250
60643
94058
66959
32954
96880
47532
58331
27451
34408
49900
93430
68086
98020
50783
63233
20596
44637
7433
50399
23994
66176
85348
72507
84282
32906
12161
38902
79588
61215
85005
89226
96677
95842
69775
83007
28239
45845
87323
70651
13336
45001
63480
21423
14794
34697
82373
78348
74082
93480
85108
16574
59920
52258
6186
37405
15656
97693
15930
47593
88102
47125
9674
81163
45311
43065
70341
70501
91576
68495
79224
59944
23130
33753
69009
77081
91152
44572
76961
11179
36987
94091
8826
5319
21705
38563
21949
82462
92962
76187
23826
89679
89014
74386
2820
73462
79457
63469
30741
34573
7664
21304
91018
13278
8035
54341
34783
62253
94295
86663
81722
72481
20076
76469
23104
12003
88385
66629
97861
83648
9018
87519
66067
92566
1721
67276
2128
33802
45751
40155
35492
13724
88051
99076
38796
56134
2153
65411
79624
25495
81802
8066
45847
40159
93172
43905
8748
7601
22846
46682
45657
59734
63757
60343
17486
44346
18625
83035
35589
93985
39803
82471
71907
93297
41173
64162
77629
50586
98542
70269
66593
81026
11884
2081
422
16193
93126
22305
93389
60618
