500
9903406987816468
1706605055907354
1006531028752464
843365385397649
389734143140059
2212764038978651
6083538843712040
9205152809084246
9654141388169277
6326512269948228
5441254263156164
9750204098956532
4864437760688510
9595998608932322
5208657846710825
796239635125150
7466623442675650
1629649710327694
1069812162161905
6576948636969043
6438679697872071
6967584922687722
9971201298384804
6284963790916150
2343861182957233
3773732905555117
9072884386344644
2609678192233917
9436413903993265
8574268505111582
4326453585290405
5104172410961820
4158226577297021
5450936511118281
5623219020763745
1489073585030350
714187417169237
9945290895447454
1631502712172155
1672289788201103
4616236963553958
8388792823397371
2727179470170373
1328482544346387
8653021382414352
5582919769445381
6391764588688320
2175197211558267
5796134758357178
3787624129483086
7670901394285500
809675299649673
2619496969001657
33641482165856
778400678554343
9423697011189328
9892406624585565
6184963580200645
512623030977856
2885536345979759
5282357215859034
5043914698574422
1143724071555417
6239743372261655
5237888811472222
6966595345535526
8324863447717627
7570605214444612
9101541873594437
4877789377333281
128268655991441
5072708453291795
8354159598996591
1735811559062085
2429723908973647
2582249534751797
9710126118650518
9974945910642349
8961199364615651
4980698025941682
472443261722308
816263920181588
9767361758493362
3553508134506716
5665902803806186
3132831968348302
6860660248305821
4294315487862879
9233412316179135
7748790215174709
3075165539031296
1503519254634066
8729216289576444
2910713966378058
7567333211488514
5828550927810522
5042168028718164
4760351423970688
1606560666665838
8260468399315438
9999807090431411
9263923207070533
6012200532052576
5457963228069807
8737754330820935
9830982777345071
9476217263857076
9688277313170725
2533699150838207
2041543486913621
4293439781035034
5433198455910590
3188412565497495
2156832386491457
1623679533873803
792613443153288
9240055333797093
6412141198223474
9152910043466686
7954270568305875
3008854624573617
2102537942204028
9442989134445457
9901587279580378
6187500054855037
3709367753135341
12133605455205
6167324269356415
506997078234667
7622719997684698
7056778224896637
916536435104242
3080845477547376
8265179443311029
6984124062836033
1026929147605519
3310893200080944
2713335443073771
196070326594897
1215003275448754
8336568069363894
7725025945470183
5506902526767919
1794084642095162
4940324459275413
9673967359245531
7965149568205816
5968057519433387
8687787301288818
7850401091648432
7259064100874415
7024782065580594
5173686806787330
9463692132891292
9492757535892617
1896522635918747
8492730094741803
1612667654616233
5503784179292488
3072597043969140
8112759409094323
2124283566138090
9058658529056459
8835550249296652
9900564191055431
6102238804044069
8421135644664912
8208604615768447
9806431347013854
9949342017611873
1006405782894159
8976923047361197
3567165832691172
2294085276633018
8558558271573300
3173061145957475
418178763334960
4730266400742321
4448949035191302
7884513648849607
122855146557699
7614639622108072
1242160054773188
1744463630700700
5506456473467114
42107419890836
8412959761716062
2243037973314005
7025879446105823
7863791315105950
997819114958834
8869969930237588
2483083032463300
8287016643911372
8487548641984470
6516001792416499
8800923922284045
7608516635636009
7668399909314449
3605940006502297
2726115297878871
3626651119870702
407606277930023
242222580745645
9521414259899365
7778363495552903
6668188736727685
504168256206042
4194791215737365
217761292377395
3652917316761891
8457233340646634
7562568422286991
232507787412466
409392629390213
8748605667902891
3728455828068517
7009242878930171
4955774126168157
4534281953683788
2700257233958550
5684588011409639
2361565705116393
9807127779541535
4827719044505407
9379491819119657
2024768513979810
1370578969147575
7892459478702070
9449643364917443
7866930795205637
3432168388301290
7802061379964959
1997415309770694
2894944931418289
2227238984387888
8779827397031722
424270909720804
6229655834027181
3438452554418805
4012712465237840
4979744157291030
5033472976201642
1799882574302418
4009117152576639
6646063277244711
8920888725909695
8647198200287499
2440668141847493
9811777392919417
9725967424720793
2172686349123651
7696487877421812
6435491503712120
8959702658323896
9435738194498951
3342609703204178
2681526950487751
5807342999348706
1233462723506986
1456998297889810
7314384250484331
5989986118738731
852123628372940
6393886029811668
2296626122742417
8132185991831985
5415926116111116
8466992533136071
6244970380587318
6822009494495351
1550063277761833
4823316262447199
9054213768773035
8424846706887114
2598291513144428
4997139689501538
4875073941323086
1386827998308501
4963171153840074
4861784802084229
6416401826723544
5089606318346677
9556931482323191
4194023488794093
4227085222836784
4251212574748331
4707314320869803
2930820001805075
1885450895763475
9937731439164991
9134402198624966
7372311906137537
5785880650220213
1339604274403196
6256925827991680
5806832344505964
399791911457755
6829834112441700
8121968833401525
855632107894768
446723220795018
4914473341211194
9584822927432799
1152977258709452
8798169623579175
1221392914566496
5036317549840970
6877345010922444
8671580529582659
8923661520793898
6112237905344702
5891649445521902
7905932133607281
672468385360557
6727512574275697
9186273546755210
6242494192281530
7775622451655347
8308715896539851
5675242119146618
1903055066932450
7616407649840577
2287337550401484
9294157867670582
328175587768000
9055639701280082
5645695191737900
273758018586287
1462429540565974
1271109178339144
7712331590302187
5947530609936409
5181468100896842
2120089752458091
1098860478906654
1915059528687039
9770370927275704
96627797079830
9647917663286545
1960725109917532
1601051713881678
3975583440630856
2569304220871024
9942812092355716
8759626711770716
2504065132396598
5155022799001942
6045478802518059
9880256456131624
2692247956076741
6003457182554290
8934018909424040
4819504228496070
4311692806551323
8190170326492917
7979614745303287
1212370749120690
5192808866467043
2786124495559636
9511672877651494
3173424368912924
5648948203209383
4641527527771884
1831485589610713
3272695000022961
6853702340494096
8607418591261611
3212491839368876
5216057278310167
3935344910628004
4719456441594982
8894212830078291
6229374842899171
2889762095547154
9768505874619137
9719250795002450
5738998253709191
6171043222937846
9032396413135649
1431371287142028
6293487593752556
7247734987168238
5629063983950440
1640484947091474
1661217227686835
649926748349956
1705419954673142
7410008880439466
4632289545027624
110463351575426
2575849850719696
9399968958201740
5668417615961953
832907267327801
2113517416583250
6296417936160777
8862833394223655
7667587424376070
5856286874288867
6637993275437237
8452648185145973
9104755675079899
5933353618456277
6256050160388278
3103260401065502
8750511436842241
1784123765713232
4018464426503722
1833061645517625
5423522695745757
7844998854502395
9947671718595994
6170239332606216
1197710144860254
7131717360047149
7369040662690632
6532953029394580
5139861975694937
4666653666126440
2120057821192438
2330009509656490
5180911826463964
9276325988205104
3056332244471631
5096940750051463
7351806437042389
6759619518961971
1790059589936814
6266050965574432
5916207632459251
1778047035157538
906730894979786
584274507047683
2889019580748777
8046336595011877
6066476622631363
4987765892131310
1650958311695020
7334342635116070
9106143594959701
4866397114148653
513350777204451
2289983092708971
6227521856336066
6236916437861987
7743926159256580
6040817476103409
9137031629921052
7380563313902421
9859418573009071
8748211134148008
2501827410677468
6457896747754456
6409238838809495
7850947194522660
9037920251603068
2753081407704999
7047803757914678
7492598302928371
9483580159690023
6393146014426832
298986605258098
8341707885132680
753738086176055
3157163156547059
3229539218612479
7813448196664487
3428960444630885
1130956834343509
8630527016677627
3630816612814735
6240649279694290
4283586953776689
5235231303179132
946579441478415
5673497471902397
3675503682621014
2833079627583987
4793190797543857
8628990064577395
3598907302208749
9114171733076897
3688645733496457
7579802652556977
9102191759448600
956796357619653
6193945021008072
5834119683780970
4902558120839010
5207479234434310
1995109758761876
2125287431888562
8086031848074303
2416936917663155
9239651978972640
8947262827697902
6317981133885656
9996934022410444
1924835080276060
