32178
5583
41203
37765
942
15609
40727
60348
57972
48357
4364
39028
20010
19689
31733
34129
53530
3466
8149
47508
12019
20326
23111
33922
47023
45939
7582
12080
43545
28843
12579
7206
44285
17186
20965
3487
62327
44265
9769
62404
6453
54870
7539
15285
50028
54097
24215
34798
35354
28605
64103
15533
47693
41175
13685
44863
57349
9935
11935
66120
15006
42506
5432
60942
61712
1335
6859
28939
772
44211
53153
3929
32086
64267
16469
40305
27107
10427
37213
55819
49045
9089
16463
20295
15421
37784
26735
39111
30795
1606
13810
64781
6823
48770
13448
9071
28631
59023
853
30596
58921
30473
11759
48649
58669
31390
38579
13922
40099
11747
937
6887
30384
22340
27396
12973
32105
29632
66314
38752
6438
16119
52225
55747
19215
46454
56203
64907
24329
56921
16279
43413
8050
16848
929
2388
45209
46100
29000
11875
46371
53061
66652
19807
29167
1809
6541
15985
23161
53281
13283
33
39225
25663
2803
55069
62165
41168
58138
19045
13839
55311
9809
48597
58537
41211
11559
62203
36452
907
1357
53809
2765
22066
34578
37313
18741
48793
57175
62685
51549
16324
41879
4618
52655
15716
32917
56796
39924
31458
66145
35721
17061
23963
31049
52862
60355
59564
63041
38843
31464
52165
26118
59314
6429
57455
1658
1231
65527
17161
55280
56673
5415
60943
62975
19035
46890
11791
33281
64647
6392
30559
66503
47465
63218
35729
29069
52437
52793
1527
4978
26762
63426
18419
10335
51402
56645
35732
3317
21170
43429
24126
49923
22829
48694
20798
65186
31369
42542
34559
44822
23267
9016
66453
31587
4073
39765
29758
51976
41071
3601
32117
61818
23925
53201
31840
18247
43965
24620
20119
32393
57968
13290
41881
17565
51297
22973
22909
36861
63143
10709
7156
7612
48941
17699
43452
64641
36148
50871
51463
45432
14580
57067
59707
15465
40125
64087
9986
43280
24725
19602
43695
29237
25231
34736
63546
52062
14740
36504
61315
63916
60103
34481
20478
21120
19737
15892
13344
47827
63592
48167
40429
62705
44639
21969
64587
31688
38887
18301
22939
33267
62287
45391
65347
33855
42155
13731
29758
4955
33599
15996
44117
56899
48338
56188
21937
8107
25935
53059
40810
56670
59484
64451
63895
46517
55338
18826
30563
58215
47101
8891
30001
42320
14282
9863
23131
54915
52232
49388
62320
56739
11049
39947
34839
4124
24937
10437
65129
10620
31729
58735
31417
6449
54109
30207
28710
46894
47001
61051
45663
52816
39963
15420
22502
46006
51387
60768
29715
51307
7453
24658
62727
5884
3546
14470
25709
14633
54975
61975
50791
15884
59786
59343
49591
1880
48975
52971
42313
20494
23049
5109
14203
60679
8852
5357
36227
23189
41502
62863
57775
54481
48321
13384
50979
15403
8002
58923
44419
65241
55765
6012
58346
44045
61711
1147
44851
1419
22535
30501
26770
23661
9149
58701
66051
25864
37423
1435
43607
53083
16997
54535
5377
30565
26773
62115
29270
5832
5067
15231
31121
30438
39823
42505
40229
11657
29564
12417
55357
23726
62657
26535
54981
47938
62198
27449
42775
51753
33724
65695
46846
44395
54017
7923
1387
281
10795
62084
14870
62259
40412
