500
16468 1706605055907355 198
197649 389734143140060 293
112040 9205152809084247 457
148228 5441254263156165 862
88510 9595998608932323 639
125150 7466623442675651 738
161905 6576948636969044 535
87722 9971201298384805 592
157233 3773732905555118 774
33917 9436413903993266 116
90405 5104172410961821 431
118281 5623219020763746 772
169237 9945290895447455 493
170373 1328482544346388 792
45381 6391764588688321 559
49673 2619496969001658 246
645 512623030977857 915
59034 5043914698574423 69
117627 7570605214444613 659
133281 128268655991442 813
196591 1735811559062086 245
151797 9710126118650519 349
15651 4980698025941683 110
181588 9767361758493363 682
6186 3132831968348303 489
62879 9233412316179136 423
31296 1503519254634067 954
178058 7567333211488515 948
118164 4760351423970689 406
115438 9999807090431412 217
145071 9476217263857077 195
38207 2041543486913622 312
23474 9152910043466687 329
173617 2102537942204029 983
180378 6187500054855038 425
55205 6167324269356416 173
84698 7056778224896638 890
147376 8265179443311030 981
5519 3310893200080945 283
194897 1215003275448755 94
70183 5506902526767920 94
75413 9673967359245532 578
91292 9492757535892618 485
44069 8421135644664913 943
13854 9949342017611874 15
161197 3567165832691173 356
173300 3173061145957476 742
142321 4448949035191303 881
100700 5506456473467115 6
116062 2243037973314006 299
63300 8287016643911373 952
16499 8800923922284046 17
70702 407606277930024 91
99365 7778363495552904 779
6042 4194791215737366 133
161891 8457233340646635 569
12466 409392629390214 461
68517 7009242878930172 545
83788 2700257233958551 277
116393 9807127779541536 489
119657 2024768513979811 939
102070 9449643364917444 439
101290 7802061379964960 242
120804 6229655834027182 471
37840 4979744157291031 652
102418 4009117152576640 779
109695 8647198200287500 237
119417 9725967424720794 79
21812 6435491503712121 684
98951 3342609703204179 169
84331 5989986118738732 96
11668 2296626122742418 11
95351 1550063277761834 473
101538 4875073941323087 145
40074 4861784802084230 186
146677 9556931482323192 891
36784 4251212574748332 395
5075 1885450895763476 611
24966 7372311906137538 965
57755 6829834112441701 545
94768 446723220795019 602
32799 1152977258709453 829
182659 8923661520793899 140
121902 7905932133607282 7
75697 9186273546755211 538
70582 328175587768001 354
137900 273758018586288 358
139144 7712331590302188 511
87039 9770370927275705 996
86545 1960725109917533 816
30856 2569304220871025 456
170716 2504065132396599 534
118059 9880256456131625 191
154290 8934018909424041 424
120690 5192808866467044 536
94096 8607418591261612 758
78291 6229374842899172 626
19137 9719250795002451 543
137846 9032396413135650 158
152556 7247734987168239 434
91474 1661217227686836 872
73142 7410008880439467 934
175426 2575849850719697 926
161953 832907267327802 394
88867 6637993275437238 879
65502 8750511436842242 780
103722 1833061645517626 937
102395 9947671718595995 204
60254 7131717360047150 284
192438 2330009509656491 370
5104 3056332244471632 793
42389 6759619518961972 830
174432 5916207632459252 500
179786 584274507047684 435
95020 7334342635116071 779
148653 513350777204452 819
136066 6236916437861988 498
103409 9137031629921053 883
9071 8748211134148009 632
154456 6409238838809496 986
3068 2753081407705000 144
58098 8341707885132681 139
30885 1130956834343510 449
179132 946579441478416 479
21014 2833079627583988 483
96457 7579802652556978 778
19653 6193945021008073 204
39010 5207479234434311 452
88562 8086031848074304 293
172640 8947262827697903 874
10444 1924835080276061 134
17805 1230568477293316 774
2772 1983278770897673 592
149341 6860212558636245 645
146531 5661969631776086 226
80324 6376057751632392 408
176697 7210904877887114 234
91890 9281785782974322 38
151518 2907568097139206 763
143895 9702037381512880 412
188779 9261169508060799 779
98144 7315936927352700 249
110118 8432186427018819 497
105626 5747696113400022 983
85009 9445439666957807 517
67943 3492868921909328 974
147226 4598363079616162 816
174166 6918563312552875 812
102348 6849710899816359 777
99470 2816687356262029 765
138639 3465703419339070 704
187254 3623236786555599 466
130468 910719186086136 800
119024 694662135364040 653
56939 507430491993980 307
170379 8652532463335527 446
23124 4880228830252420 76
49816 8436608397844266 193
37203 3275793530504802 403
198175 332659081219135 569
75741 7304991172355692 560
10362 9585705048503309 109
92721 4753634838098531 844
42110 1908491129878953 854
186561 4750244033541363 58
102206 9625080310149816 237
28023 811506237470889 578
34790 2409011854690245 473
80220 4102696268294127 290
66649 4896245061987238 650
186664 1612017895117034 42
71559 7226621824202149 556
73013 6045502897202804 798
113682 637646788970645 662
111626 9543975052763155 832
168023 8396404124585607 42
177157 9855022142587850 253
2839 3759189702778332 388
54177 6269113021139681 523
28558 1996388554454388 503
194334 9997491055175298 599
158587 5574211939794133 665
69902 5397869940079232 504
149814 2824119097287216 386
161280 533118467234386 660
180019 8827789457829170 334
140049 3208140553458549 181
6453 3934802635179858 282
4046 7231601464989764 14
5387 4579785128201619 271
95616 5187874682589640 53
140882 390116945404816 712
186698 5632176141906961 247
85870 3600613989898591 36
57154 7130256037765075 476
137400 518608797778653 645
36571 673545733684450 692
30731 5700415547807067 703
77133 1363358819369620 118
110962 2992887716416342 73
26602 7819859104243844 87
69464 158333242049327 983
3501 6364401200232545 948
194869 635825733673193 230
57990 209285783350752 229
38670 3606976413291416 660
265 7378916455952108 805
171330 1816362522487176 383
2648 9678655188604766 766
182431 3237464628298079 247
59723 9898914804544993 702
146270 3188671175036156 696
74103 3512223080661895 104
156453 9068757981380891 619
11808 6460860221925496 760
55415 8854577850676459 543
165014 6647423337313232 417
155349 4518448556299302 841
146667 9159638471902579 915
117980 2798212386500440 171
122278 8979814708208026 967
120726 2517785586651571 473
9748 1870247665009790 514
183945 2403255275058392 604
168522 4585814634501625 95
125902 9920445112490140 548
104188 2980319973216835 272
141867 3281844319420978 921
108195 9346150621255712 300
59778 2696120516670912 771
81694 6126053327292194 28
177496 8368187037625410 615
131857 3316262777916446 258
43332 2561447258896131 970
42232 8548595712349456 968
20697 4805349709180334 830
150619 2782818731164628 939
129054 5430888422134250 46
123751 9348233399610774 276
134689 7385865425310264 351
106079 4640920623084957 142
96339 3661202254675826 763
26912 4058897199304910 741
47650 8445965801239689 898
169390 575263581298474 255
151265 6602296122483917 415
185219 6605518670323917 196
21276 2239218265461893 364
141957 6544815215585290 246
160890 1611192870438885 524
111242 7922565643798180 694
186477 5397642734542008 620
120139 9088969588466254 616
108931 7111950870241859 140
141629 4265687843828769 435
49917 565775308452643 188
142340 1679605700345321 557
117654 8362185599112536 450
181316 1343637977429967 869
42893 6313481723244415 723
5777 6765285301851267 899
107415 9249867339804145 271
182543 4854803562524672 672
78066 7271261855268856 260
106237 801790825427366 773
40856 6035588068761393 914
28758 2781796794668918 53
4188 9262683021090251 860
143217 774312744293458 680
20757 2283274624931387 926
92810 1249300795485505 694
37356 4671379214217381 199
71171 7837624275341115 746
198370 6883152419540712 855
126259 2917346866943165 455
25267 1764860063011601 684
58838 5888970121532658 575
181748 242793311078467 105
85326 3383739034854397 894
140068 6980800065305191 390
74899 6907641404767797 918
71385 6243528027569035 912
162709 8563728940082703 94
186035 7866214922684146 174
187019 9651439523082761 268
107294 5816771154580536 695
179961 9299873962087411 327
174090 8545729385380743 380
36046 5063317473052076 558
42351 3212719436897908 646
59773 6445854140384327 3
169514 196821665907370 296
166275 118655983005516 40
4334 7856232026125155 580
167104 7427111758369251 149
135514 6179263846605664 566
64009 7470154025445168 336
1075 9343370692765597 418
87489 1009898151677109 993
176249 2796061944741230 313
145932 3549006159269716 962
66811 223266241190321 461
91315 9677880051998033 261
180915 5532043914538849 420
169940 4099233534717397 568
13870 4468526152658787 828
169590 3705507752167235 268
67335 8761860554729970 363
128027 8101237991004423 623
122104 8106780489491511 921
6529 2438591132198991 838
150978 3208302630189620 510
9109 1550717574567968 313
54516 4086104157696819 848
6857 1203369197952371 2
134981 1598132776187609 220
147430 5893164397620695 216
169515 8652318916703680 411
148835 7699584293572966 384
86353 5020715863836332 919
128591 5324464353058989 937
97073 6209007922049681 266
92235 5932104760836489 390
170048 7431505810255875 859
81456 4175874098277416 66
139137 7135106837752190 588
104560 2638152569640780 859
193706 8359429735292595 123
173105 8636758847239445 238
24526 1069639127570845 389
5046 872808323027802 245
38237 129832631956469 457
129908 658840663329661 384
173376 7399979787670306 188
7949 5590094651529482 427
82020 624138196833762 186
185700 7114935644338822 654
29514 363149559771027 772
73102 4157652791156665 153
123062 8011620333739632 76
42799 3868501603552077 20
102231 9745208973967741 187
25183 3593599482977765 697
179807 7773239853128676 627
82009 6458764989545057 967
96170 1931589658599843 796
68656 4422166119116205 75
56378 3904191602673446 341
52547 8237177568787364 36
181058 6785261393478324 479
106934 5946779869464797 952
150245 3932392391144954 419
49543 8464067220134452 83
140612 5562634552271223 225
178616 7100706211157263 346
100400 6845466409170257 71
78853 6259924993660646 148
25115 9359314436459901 188
119049 9267065287818420 679
166085 2245564701298799 399
2040 5556224733587189 346
174766 4363038042157275 697
51248 2632484187553027 342
142934 3546017698205772 578
94490 3708381718996083 843
95911 9980315674539012 782
174702 2448962197898540 439
162222 9695559635493308 380
162055 586739267035983 33
147294 8593152465977738 943
34129 1289074115446473 331
97684 8592175370581376 262
110870 9970891911210333 139
139618 8116494773687792 234
55832 5389222905930291 16
49744 4699114898197270 400
147779 7011460924710275 961
119883 9370252643910887 534
59977 5993082328363775 77
22862 1471438848978429 576
118790 4769642639356266 798
39976 7014075540978241 520
95904 4182786745899704 41
30575 1843625592543875 565
66652 8820681840830212 824
157042 8234885074704674 577
87075 1160983732878284 883
104523 1605200644099499 866
30285 9079882115092603 161
166127 7076527714415460 94
86111 1579355801234971 606
124665 733190551758785 961
131855 1709188361648410 457
50157 1041878606400637 308
80477 8709961106221485 448
109452 9737576136908366 837
55230 3397139553632182 117
149862 7378098964682230 964
109672 3176100415526078 888
80595 1528628164533878 739
103714 3115300736046764 888
157032 4074249237827796 359
3013 2209159639321708 585
153421 5231116101553400 697
171245 3157838697017444 211
58086 6940129716965094 922
37245 5083120981207421 725
126731 5366330852807402 994
83596 7417396138077356 875
23588 6161049652915204 53
125427 4246609412012808 446
9034 6325933187297881 865
51307 7531015907722587 736
90925 2861167989132899 439
135328 9283152684169342 932
69486 5705082888355888 842
71799 555148310027404 979
34081 6286608568304105 653
187362 9162285966695201 828
91480 8967860564018841 309
125371 4921311610879899 446
169788 6968847618334581 974
198599 7690155988043088 131
159245 7047780199737637 440
119085 8377052676105106 974
66999 5638577212497389 444
63272 9399888964483413 207
24252 1145858285464272 406
197331 4249495693568345 681
103138 2679764715643802 285
114048 5783962577519923 535
72819 9835748737062804 524
34263 2449652325807423 931
66771 3197992783653792 457
78424 7177589782909676 66
127543 5886881305406474 92
131918 967880404435347 803
139854 353860413743153 861
95019 7131182029005364 809
152065 2509624409652018 641
25716 3048152733989477 593
124809 7573193729565139 820
20994 9448282788806171 450
176728 1582077847320714 495
77756 1187924099507930 795
59833 1676961924222899 25
99286 49896667965257 540
69344 9061591561527512 117
97554 6745753741674375 480
104077 9067743118818508 868
133283 2672139954282555 844
57845 2246492243227080 398
139750 7812245680641848 875
102573 9779645047161220 255
41501 8618756759083095 728
17056 396317496581090 403
10981 6118777384898906 338
177731 4863833269172494 489
94762 2163288211879978 281
181518 813907915174546 558
179398 4597895040468473 82
163161 7966045516643782 972
182565 8308295377299266 111
195062 779082262900946 324
140591 1574456290036654 233
71516 6992682594902529 217
162205 1432309752616929 697
83913 5650450167348538 138
139499 4365404357765941 838
63923 4073016549203344 980
93484 8693305943047970 670
41391 8496165936231204 159
163803 360602839986558 198
22359 7605972116424859 743
96530 8421903238347367 32
159139 6267079868101865 339
11507 3832216341802468 258
55685 8875196033683888 579
117889 9705027830841877 228
103592 8995388304766559 899
174937 2932204387915427 356
38793 3800023262313269 716
124327 5299629019712657 258
190988 5260352513395360 943
58246 2727637547440719 682
123754 3525214861317561 930
44338 3825218753836551 909
163876 2342227727468518 556
156057 4846143932646809 591
511 2470219101486141 55
26026 8820856038466678 620
7067 1187772789715037 594
195327 8308735794592480 196
137330 1726483951864158 570
257 1765605231820370 675
24871 666865325627729 236
62693 2980980831358067 367
10280 88770964904425 366
52665 4925149309867953 892
143853 6976914810357594 749
